10.193560090702947
10.518639455782314
10.843718820861678
11.168798185941043
11.493877551020407
11.842176870748299
12.144036281179138
12.469115646258503
12.794195011337868
13.119274376417234
13.444353741496599
13.769433106575963
14.117732426303855
14.44281179138322
14.767891156462586
15.069750566893424
15.418049886621315
15.74312925170068
16.068208616780044
16.39328798185941
16.718367346938777
17.04344671201814
17.368526077097506
17.69360544217687
18.018684807256236
18.3437641723356
18.668843537414965
18.99392290249433
19.319002267573698
19.644081632653062
19.969160997732427
20.29424036281179
20.64253968253968
20.96761904761905
21.292698412698414
21.59455782312925
21.942857142857143
22.267936507936508
22.593015873015872
22.894875283446712
23.2431746031746
23.56825396825397
23.893333333333334
24.2184126984127
24.543492063492064
24.86857142857143
25.193650793650793
25.518730158730158
25.843809523809522
26.16888888888889
26.51718820861678
26.81904761904762
27.144126984126984
27.46920634920635
27.794285714285714
28.11936507936508
28.46766439909297
28.792743764172336
29.1178231292517
29.41968253968254
29.76798185941043
30.093061224489794
30.418140589569163
30.743219954648527
31.068299319727892
31.393378684807256
31.71845804988662
32.04353741496599
32.36861678004535
32.69369614512472
33.01877551020408
33.34385487528345
33.66893424036281
33.99401360544218
34.319092970521545
34.644172335600906
34.969251700680275
35.31755102040816
35.619410430839004
35.944489795918365
36.29278911564626
36.617868480725626
36.94294784580499
37.24480725623583
37.593106575963716
37.918185941043085
38.243265306122446
38.568344671201814
38.89342403628118
39.21850340136054
39.54358276643991
39.86866213151927
40.19374149659864
40.518820861678
40.84390022675737
41.16897959183674
41.4940589569161
41.81913832199547
42.16743764172335
42.4692970521542
42.81759637188209
43.14267573696145
43.44453514739229
43.769614512471655
44.11791383219955
44.44299319727891
44.76807256235828
45.069931972789114
45.41823129251701
45.743310657596375
46.068390022675736
46.393469387755104
46.718548752834465
47.04362811791383
47.368707482993194
47.69378684807256
48.01886621315193
48.34394557823129
48.66902494331066
48.99410430839002
49.31918367346939
49.64426303854875
49.96934240362812
50.29442176870748
50.61950113378685
50.96780045351474
51.2928798185941
51.61795918367347
51.919818594104306
52.244897959183675
52.569977324263036
52.91827664399093
53.2433560090703
53.56843537414966
53.893514739229026
54.21859410430839
54.543673469387755
54.868752834467124
55.193832199546485
55.51891156462585
55.843990929705214
56.19229024943311
56.49414965986394
56.81922902494331
57.14430839002267
57.46938775510204
57.817687074829934
58.11954648526077
58.46784580498866
58.792925170068024
59.11800453514739
59.41986394557823
59.76816326530612
60.09324263038549
60.41832199546485
60.74340136054422
61.06848072562358
61.39356009070295
61.718639455782316
62.04371882086168
62.368798185941046
62.69387755102041
63.018956916099775
63.344036281179136
63.69233560090703
64.01741496598639
64.31927437641724
64.6443537414966
64.96943310657596
65.29451247165532
65.6195918367347
65.94467120181406
66.29297052154195
66.61804988662132
66.94312925170068
67.26820861678004
67.5932879818594
67.91836734693878
68.24344671201814
68.5685260770975
68.89360544217688
69.21868480725624
69.5437641723356
69.86884353741496
70.19392290249434
70.5190022675737
70.84408163265306
71.16916099773243
71.4942403628118
71.81931972789116
72.14439909297052
72.46947845804989
72.79455782312925
73.11963718820861
73.46793650793651
73.79301587301588
74.11809523809524
74.4431746031746
74.76825396825397
75.09333333333333
75.4184126984127
75.74349206349207
76.06857142857143
76.39365079365079
76.71873015873015
77.04380952380953
77.36888888888889
77.69396825396825
78.01904761904763
78.34412698412699
78.66920634920635
78.99428571428571
79.31936507936508
79.64444444444445
79.9695238095238
80.29460317460317
80.61968253968254
80.9447619047619
81.26984126984127
81.59492063492064
81.92
82.24507936507936
82.5469387755102
82.8952380952381
83.24353741496599
83.56861678004535
83.89369614512472
84.21877551020408
84.54385487528344
84.86893424036282
85.19401360544218
85.51909297052154
85.8441723356009
86.16925170068028
86.49433106575964
86.819410430839
87.14448979591836
87.49278911564626
87.7946485260771
88.11972789115646
88.46802721088436
88.79310657596372
89.11818594104308
89.42004535147392
89.76834467120182
90.09342403628118
90.41850340136054
90.72036281179139
91.06866213151928
91.39374149659864
91.71882086167801
92.04390022675737
92.36897959183673
92.6940589569161
93.01913832199547
93.34421768707483
93.66929705215419
93.99437641723355
94.34267573696145
94.64453514739229
94.99283446712018
95.31791383219955
95.61977324263039
95.94485260770975
96.29315192743765
96.61823129251701
96.94331065759637
97.2451700680272
97.5934693877551
97.91854875283447
98.24362811791383
98.54548752834467
98.89378684807257
99.21886621315193
99.54394557823129
99.86902494331066
100.19410430839002
100.51918367346939
100.84426303854875
101.16934240362812
101.49442176870748
101.81950113378684
102.14458049886622
102.46965986394558
102.79473922902494
103.1198185941043
103.44489795918368
103.76997732426304
104.11827664399092
104.4433560090703
104.76843537414966
105.0702947845805
105.41859410430838
105.74367346938776
106.06875283446712
106.37061224489796
106.71891156462586
107.04399092970522
107.36907029478458
107.69414965986394
108.01922902494331
108.34430839002268
108.66938775510204
108.99446712018141
109.31954648526077
109.66784580498866
109.99292517006803
110.29478458049887
110.64308390022676
110.96816326530612
111.29324263038549
111.59510204081633
111.94340136054421
112.26848072562358
112.59356009070295
112.89541950113379
113.24371882086167
113.56879818594105
113.89387755102041
114.21895691609977
114.54403628117913
114.8691156462585
115.19419501133787
115.51927437641723
115.8443537414966
116.16943310657597
116.49451247165533
116.81959183673469
117.14467120181406
117.46975056689342
117.79482993197279
118.11990929705216
118.46820861678005
118.79328798185941
119.11836734693877
119.42022675736962
119.7685260770975
120.09360544217687
120.41868480725624
120.7437641723356
121.06884353741496
121.39392290249432
121.7190022675737
122.04408163265306
122.36916099773242
122.6942403628118
123.01931972789116
123.34439909297052
123.66947845804988
124.01777777777778
124.31963718820862
124.64471655328798
124.96979591836735
125.31809523809524
125.6431746031746
125.94503401360544
126.29333333333334
126.6184126984127
126.94349206349206
127.26857142857143
127.5936507936508
127.91873015873016
128.24380952380952
128.5688888888889
128.89396825396827
129.21904761904761
129.544126984127
129.86920634920634
130.1942857142857
130.5193650793651
130.84444444444443
131.1695238095238
131.49460317460318
131.81968253968253
132.1447619047619
132.46984126984128
132.79492063492063
133.12
133.44507936507935
133.77015873015873
134.1184580498866
134.443537414966
134.76861678004536
135.0936961451247
135.41877551020409
135.74385487528346
136.0689342403628
136.39401360544218
136.71909297052153
137.0441723356009
137.36925170068028
137.69433106575963
138.019410430839
138.34448979591838
138.66956916099772
138.9946485260771
139.31972789115648
139.66802721088436
139.9698866213152
140.29496598639454
140.64326530612246
140.9683446712018
141.29342403628118
141.59528344671202
141.9435827664399
142.26866213151928
142.59374149659865
142.918820861678
143.24390022675738
143.56897959183672
143.8940589569161
144.21913832199547
144.54421768707482
144.8692970521542
145.19437641723357
145.51945578231292
145.8445351473923
146.16961451247167
146.49469387755101
146.8197732426304
147.16807256235828
147.49315192743765
147.7950113378685
148.12009070294783
148.46839002267575
148.7934693877551
149.11854875283447
149.44362811791385
149.7687074829932
150.09378684807257
150.41886621315192
150.7439455782313
151.06902494331067
151.39410430839
151.7191836734694
152.04426303854876
152.3693424036281
152.69442176870749
153.01950113378686
153.3445804988662
